Google 

1 88 1526 1768 2 42 121 70 4 3

5 9 200 15 14 359 53 13 56 7

3335 169 128 11 2235 20 253 55 939 394

26 27 28 206 31 207 1101 22 35 118

295 3356 49 162 300 1825 2663 17 84 179

410 2981 146 242 843 959 45 54 238 424

994 21 23 50 69 73 141 215 124 560


Meta

1249 408 680 314 215 227 1650 339 528 88

236 162 50 938 71 1570 1091 1 56 125

199 560 543 146 138 973 31 1762 347 1004

426 23 283 986 921 346 129 670 791 15

987 200 65 133 827 2 76 1539 121 14

34 498 766 163 636 173 398 415 708 17

270 523 1216 863 1768 721 20 78 4 139


Amazon

1 146 42 88 200 49 121 3 621 767

1768 347 875 3371 207 15 5 20 55 2

127 56 4 138 14 994 9 23 210 236

22 53 54 215 11 253 560 17 70 128

273 238 33 139 283 13 45 134 227 460

1152 10 79 189 242 380 863 48 122 239

2055 21 84 295 322 7 126 135 198 212


Two hundred

1 273 88 146 42 1768 5 200 121 9

1526 56 1249 3 20 4 2 959 408 995

253 14 1509 440 1190 179 1701 227 564 314

539 528 885 215 1717 2134 680 1650 962 49

1371 15 432 2751 339 1550 54 70 68 7 

13 2334 1105 359 22 214 726 1497 380 560

2235 670 128 412 716 11 815 53 761 840

1823 875 1570 31 2582 632 23 1937 1653 874

3163 592 3229 1395 1140 386 2484 48 162 1508

664 394 588 3043 2419 1110 1518










